samples/0.jpg 454 88 530 142 485 96 497 104 496 117 476 105
samples/10.jpg 483 96 536 135 503 104 519 108 515 120 499 113
samples/100.jpg 605 167 679 215 637 177 653 182 651 192 629 186
samples/105.jpg 615 175 677 219 639 183 656 186 653 201 631 197
samples/110.jpg 623 174 675 207 647 177 660 179 659 194 643 189
samples/115.jpg 623 173 703 209 648 180 664 183 664 198 641 192
samples/120.jpg 625 168 705 210 652 177 668 180 667 192 644 189
samples/125.jpg 628 160 713 204 655 170 671 174 671 186 648 182
samples/130.jpg 631 153 711 195 657 162 673 164 673 180 648 176
samples/135.jpg 631 160 713 204 659 171 675 171 675 189 649 183
samples/140.jpg 635 161 723 203 660 168 680 171 679 186 655 183
samples/145.jpg 635 152 724 199 665 164 681 165 680 180 656 176
samples/15.jpg 491 103 553 153 511 113 523 114 523 128 508 120
samples/150.jpg 641 157 727 202 669 165 683 168 684 183 660 179
samples/155.jpg 641 160 734 210 671 168 689 173 687 186 665 183
samples/160.jpg 651 175 736 220 680 183 695 186 695 201 672 198
samples/165.jpg 653 180 747 225 688 186 704 189 701 207 679 204
samples/170.jpg 666 179 755 227 692 188 709 191 708 207 684 204
samples/175.jpg 663 172 759 222 697 183 712 185 712 200 688 198
samples/180.jpg 663 176 769 224 697 185 716 186 716 203 689 201
samples/185.jpg 665 179 758 227 697 189 715 188 715 206 688 203
samples/190.jpg 663 171 767 231 697 186 715 188 713 204 687 201
samples/195.jpg 659 175 759 232 696 191 712 192 715 207 687 207
samples/20.jpg 494 99 564 150 523 111 535 117 533 129 519 123
samples/200.jpg 660 175 758 231 695 188 713 188 713 206 687 204
samples/205.jpg 659 173 763 233 693 185 711 186 713 204 684 203
samples/210.jpg 653 167 758 227 692 180 711 182 712 200 684 198
samples/215.jpg 655 168 761 225 692 179 712 180 713 198 683 197
samples/220.jpg 648 173 760 233 691 182 711 182 711 198 683 198
samples/225.jpg 658 177 760 231 691 186 711 185 712 203 683 201
samples/230.jpg 656 178 765 235 691 188 712 186 713 206 684 207
samples/235.jpg 657 182 765 239 691 191 712 191 713 210 681 209
samples/240.jpg 661 183 762 240 691 192 712 194 715 213 683 213
samples/245.jpg 653 177 765 240 692 192 713 192 716 213 683 213
samples/25.jpg 512 101 573 151 531 111 544 116 541 131 527 123
samples/250.jpg 654 182 770 248 691 194 712 194 717 216 681 215
samples/255.jpg 643 176 768 247 691 192 712 189 719 213 681 210
samples/260.jpg 650 180 774 246 693 191 716 191 720 213 684 210
samples/265.jpg 656 173 778 239 695 188 717 186 720 207 685 207
samples/270.jpg 651 173 775 244 696 186 719 186 724 209 687 209
samples/275.jpg 649 179 779 247 695 192 717 192 724 213 685 213
samples/280.jpg 647 175 775 249 692 189 715 189 723 213 684 213
samples/285.jpg 653 174 775 246 692 188 715 186 719 210 680 210
samples/290.jpg 642 178 776 250 688 189 712 189 719 213 679 215
samples/295.jpg 646 179 786 251 691 189 713 188 721 213 679 215
samples/30.jpg 515 106 581 153 537 116 551 119 552 134 536 125
samples/300.jpg 642 179 787 254 689 188 716 188 725 213 677 215
samples/305.jpg 637 175 789 249 691 188 716 186 727 212 683 215
samples/310.jpg 644 174 793 249 693 185 717 183 727 210 683 212
samples/315.jpg 646 166 802 249 695 182 721 182 729 207 683 210
samples/320.jpg 645 166 801 249 699 182 724 180 733 210 684 210
samples/325.jpg 641 169 799 261 699 186 725 185 736 216 685 216
samples/330.jpg 635 169 799 256 700 183 727 182 739 210 689 213
samples/335.jpg 643 174 804 267 700 189 728 189 736 219 685 219
samples/340.jpg 631 183 811 270 699 194 727 195 736 225 687 227
samples/345.jpg 629 180 814 275 699 189 728 189 740 224 684 225
samples/35.jpg 521 109 594 159 545 120 560 123 559 138 541 129
samples/350.jpg 637 183 806 284 700 197 728 197 743 231 683 231
samples/355.jpg 631 184 805 282 701 198 731 198 741 230 691 233
samples/360.jpg 624 198 818 300 703 210 733 209 743 246 688 246
samples/365.jpg 625 197 827 305 705 207 736 206 747 240 688 243
samples/370.jpg 629 191 826 304 711 204 737 203 749 240 692 242
samples/375.jpg 637 190 837 303 712 204 743 201 759 240 696 243
samples/380.jpg 634 203 835 323 715 210 749 212 761 252 696 254
samples/385.jpg 623 196 829 325 716 210 748 210 760 255 692 254
samples/390.jpg 620 200 836 335 715 216 745 218 761 261 691 261
samples/395.jpg 611 202 831 334 711 216 745 216 763 264 687 264
samples/40.jpg 533 108 597 159 556 116 569 122 567 135 551 126
samples/400.jpg 613 195 834 344 708 213 743 213 760 264 680 264
samples/405.jpg 593 207 843 348 709 213 743 215 759 269 675 267
samples/410.jpg 585 203 849 355 705 210 739 210 761 264 671 267
samples/415.jpg 586 192 843 351 712 201 743 201 767 258 675 261
samples/420.jpg 578 199 840 364 707 209 744 209 767 270 671 269
samples/425.jpg 581 198 843 372 709 207 747 209 768 275 665 273
samples/430.jpg 561 199 842 382 711 204 749 206 775 275 668 270
samples/435.jpg 559 190 840 397 708 198 748 198 777 276 664 272
samples/440.jpg 539 188 849 415 709 198 748 198 785 279 656 278
samples/445.jpg 533 188 851 424 707 198 747 198 788 285 651 282
samples/45.jpg 543 113 603 161 563 120 575 123 573 138 556 128
samples/450.jpg 513 184 846 417 705 192 748 192 793 285 645 285
samples/455.jpg 501 182 851 439 704 194 747 191 805 293 636 296
samples/460.jpg 487 174 851 435 703 189 749 186 820 296 636 306
samples/465.jpg 453 185 845 479 700 192 745 188 831 309 625 326
samples/5.jpg 473 86 541 140 493 96 507 102 504 116 492 108
samples/50.jpg 548 120 636 177 576 131 591 137 591 149 572 141
samples/55.jpg 559 129 635 180 589 138 604 143 600 156 580 147
samples/60.jpg 567 138 648 189 600 149 612 153 608 168 592 159
samples/65.jpg 576 147 650 198 607 158 621 162 619 176 599 168
samples/70.jpg 584 152 661 202 613 162 628 165 621 180 607 173
samples/75.jpg 577 147 669 201 617 162 633 167 629 179 611 173
samples/80.jpg 596 159 681 213 628 168 640 174 639 188 619 180
samples/85.jpg 599 159 691 206 632 170 645 171 641 186 623 177
samples/90.jpg 599 160 691 214 636 168 652 173 647 188 627 182
samples/95.jpg 608 166 690 211 637 171 652 174 648 189 629 185
